$ANSIBLE_VAULT;1.1;AES256
65656463326135303966326135653231613430323064393263306338356263666464666531326533
3836323163336439333735613464343161613132623365640a666230383135343338323137613230
31363763353133616261383439376438353938663261326437666533616663333762636234313763
3033666438323763390a323131393961356130396565613066333537663666663966626533353965
37343933383939323265396461356635626565383834656264386166396535323135616434376634
62396439626232386161633937613262313934396331386166353166613035616561636133373835
66363762316338613562393166656366373436343264313062383563333735613964393031363562
32336562336165663035626137333562613238646436376462666539633139356534353931393062
35383565646337373837653735636661626633386435346432363537363532393739303664326562
36353730616466396637306633306465326339343861663733393266313530383236393131386139
39623462393536343133303430323434636234663233393233616137343538626264653164303139
64353234333064313930396561373761323364363961306130613462323930336661656330653962
35376338303966373432386564633834356636303464613361633134616135633938386239643631
38353631333762343137376537626533313161626239656236313530613531333063623433383436
62323261393034396261666331303733633435376137656235643239633065313465646137646533
65666336613831653566336462316165613033656637373733363963313134393561313165316130
61613734393766626336396130383938383333613066386130336335326332353839393437623035
33333838623339376163373434343536333761306537643364393231343531663366396535376631
36393038643332323166656462356661306535333832646263336635323762303538306237366336
37663864616532303336303164323839333636393734336162346332343636353761633962363663
36616463623339666561366633613164653535626136393633353837386637653262633634316466
66653662326535646235633833313332336534313036633134653937393464653638656165666238
30356566613161323464653939323532663332613238346231356437653631313737346632363063
64393333353731323764326566666664663032643932613434333164383138373262363339616437
3261
